(( 1.5963600450124, 75.717194178189, 23), W )
(( 1.6990610819676, 83.477307503684, 25), M )
(( 1.5052092436, 74.642420817737, 21), W )
(( 1.5738635789008, 78.562465284603, 30), M )
(( 1.796178772769, 74.566117057707, 29), M )
(( 1.6274618774347, 82.250591567161, 21), W )
(( 1.6396843250708, 71.37567170848, 20), W )
(( 1.538505823668, 77.418902097029, 32), W )
(( 1.6488692005889, 76.333044488477, 26), W )
(( 1.7233804613095, 85.812112126306, 27), M )
(( 1.7389100516771, 76.424421782215, 24), W )
(( 1.5775696242624, 77.201404139171, 29), W )
(( 1.7359417237856, 77.004988515324, 20), M )
(( 1.5510482441354, 72.950756316157, 24), W )
(( 1.5765653263667, 74.750113664457, 34), W )
(( 1.4916026885377, 65.880438515643, 28), W )
(( 1.6755053770068, 78.901754249459, 22), M )
(( 1.4805881225567, 69.652364469244, 30), W )
(( 1.6343943760912, 73.998278712613, 30), W )
(( 1.6338449829543, 79.216500811112, 27), W )
(( 1.5014451222259, 66.917339299419, 27), W )
(( 1.8575887178701, 79.942454850988, 28), M )
(( 1.6805940669394, 78.213519314007, 27), W )
(( 1.6888905106948, 83.031099742808, 20), M )
(( 1.7055120272359, 84.233282531303, 18), M )
(( 1.5681965896812, 74.753880204215, 22), W )
(( 1.6857758389206, 84.014217544019, 25), W )
(( 1.7767370337678, 75.709336556562, 27), M )
(( 1.6760125952287, 74.034126149139, 28), M )
(( 1.5999112612548, 72.040030344184, 27), M )
(( 1.6770845322305, 76.149431872551, 25), M )
(( 1.7596128136991, 87.366395298795, 29), M )
(( 1.5344541456027, 73.832214971449, 22), W )
(( 1.5992629534387, 82.4806916967, 34), W )
(( 1.6714162787917, 67.986534194515, 29), W )
(( 1.7070831676329, 78.269583353177, 25), M )
(( 1.5691295338456, 81.09431696972, 27), M )
(( 1.7767893419281, 76.910413184648, 30), M )
(( 1.5448153215763, 76.888087599642, 32), W )
(( 1.5452842691008, 69.761889289463, 30), W )
(( 1.6469991919639, 82.289126983444, 18), W )
(( 1.6353732734723, 77.829257585654, 19), W )
(( 1.7175342426502, 85.002276406574, 26), M )
(( 1.6163551692382, 77.247935733799, 21), M )
(( 1.6876845881843, 85.616829192322, 27), M )
(( 1.5472705508274, 64.474350365634, 23), W )
(( 1.558229415357, 80.382011318379, 21), W )
(( 1.6242189230632, 69.567339939973, 28), W )
(( 1.8215645865237, 78.163631826626, 22), W )
(( 1.6984142478298, 69.884030497097, 26), M )