(( 1.6530190426733, 72.871146648479, 24), W )
(( 1.6471384909498, 72.612785314988, 34), W )
(( 1.6472055785348, 73.53968351051, 33), M )
(( 1.7323008914951, 76.067870338779, 30), M )
(( 1.6750702657911, 81.05582111533, 30), M )
(( 1.5780970716644, 64.926084680188, 30), W )
(( 1.6587629355524, 69.38092449041, 30), M )
(( 1.6763295980234, 77.062295990149, 31), M )
(( 1.7187224085504, 62.112923317057, 37), W )
(( 1.5202218226439, 66.151444019603, 27), W )
(( 1.5552689261884, 66.076386143769, 31), W )
(( 1.6969333189258, 77.45386244568, 34), M )
(( 1.6887980792886, 76.489640732464, 37), M )
(( 1.5213552893624, 63.952944947832, 35), W )